C00177436|33037|5000|1|5000
C00177436|30750|230|1|230
C00177436|04097|384|1|384
C00177436|30004|384|1|384
C00177436|02025|230|1|230
C00177436|04105|384|1|384
C00177436|04105|384|2|768
C00177436|04042|384|1|384
C00177436|04105|384|3|1152
C00177436|04072|260|1|260
C00177436|04011|240|1|240
C00177436|37415|384|1|384
C00177436|22307|384|1|384
C00177436|37405|230|1|230
C00177436|37415|307|2|614
C00177436|37377|384|1|384
C00177436|37415|230|3|844
C00177436|29045|384|1|384
C00177436|01545|230|1|230
C00384818|44139|250|1|250
C00384818|02895|250|1|250
C00384818|02865|333|1|333
C00384818|02895|292|2|583
C00384818|02895|333|3|999
C00384818|02864|250|1|250
C00384818|10583|250|1|250
C00384818|02864|250|2|500
C00384818|02895|292|4|1207
C00384818|02895|333|5|1623
C00384818|19406|200|1|200
C00384818|02895|292|6|1873
C00384818|02895|250|7|2123
C00384818|75039|416|1|416
C00384818|07932|250|1|250
C00384818|07932|333|2|666
C00384818|02895|250|8|2373
C00384818|75039|416|2|832
C00384818|02864|250|3|750
C00384818|02864|250|4|958
C00384818|45202|416|1|416
C00384818|02865|292|2|583
C00384818|02865|333|3|999
C00384818|02895|250|9|2623
C00384818|02895|250|10|3039
C00384818|76262|0|1|0
C00384818|20004|250|1|250
C00384818|07932|416|3|1082
C00384818|02865|292|4|1249
C00384818|02895|250|11|3289
C00384818|02895|250|12|3705
C00384818|02895|250|13|4105
C00384818|85260|250|1|250
C00384818|60062|250|1|250
C00384818|02895|250|14|4355
C00384818|20004|333|2|666
C00384818|02895|250|15|4605
C00384818|07932|333|4|1332
C00384818|02895|250|16|5021
C00384818|02864|250|5|1208
C00384818|02895|250|17|5271
C00377051|95608|1000|1|1000
C00528455|10001|15000|1|15000
C00242271|40059|384|1|384
C00242271|40242|210|1|210
C00242271|40207|380|1|380
C00242271|40241|384|1|384
C00242271|40059|367|2|734
C00242271|40059|384|3|1118
C00387753|29304|500|1|500
C00387753|29601|260|1|260
C00051979|10502|416|1|416
C00387753|37766|384|1|384
C00387753|29330|400|1|400
C00371948|44317|416|1|416
C00371948|20005|416|1|416
C00371948|37214|250|1|250
C00051979|43081|415|1|415
C00051979|43082|416|1|416
C00051979|45248|227|1|227
C00051979|43220|264|1|264
C00051979|43054|416|1|416
C00051979|43017|416|1|416
C00051979|43081|602|2|1203
C00051979|43017|318|2|636
C00051979|43016|204|1|204
C00051979|43146|301|1|301
C00051979|15401|363|1|363
C00051979|20817|416|1|416
C00051979|60611|408|1|408
C00051979|40502|230|1|230
C00051979|43017|235|3|871
C00051979|43017|324|4|1284
C00051979|03106|218|1|218
C00051979|46307|416|1|416
C00051979|46360|231|1|231
C00051979|43054|416|2|832
C00051979|46373|201|1|201
C00051979|60189|262|1|262
C00051979|43017|413|5|1700
C00051979|01581|350|1|350
C00051979|23434|246|1|246
C00051979|43206|416|1|416
C00051979|43085|223|1|223
C00119776|30342|349|1|349
C00051979|43016|239|2|477
C00051979|60422|398|1|398
C00051979|46385|210|1|210
C00592030|10021|5000|1|5000
C00104083|17050|190|1|190
C00473249|85255|500|1|500
C00473249|85032|500|1|500
C00473249|85255|500|2|1000
C00473249|85054|250|1|250
C00473249|85258|500|1|500
C00473249|85032|500|2|1000
C00473249|85259|575|1|575
C00473249|85004|850|1|850
C00104083|17102|250|1|250
C00104083|17050|190|2|380
C00619262|49053|90869|1|90869
C00397455|40245|115|1|115
C00397455|40059|115|1|115
C00397455|40245|115|2|230
C00397455|40067|192|1|192
C00478099|10577|250|1|250
C00478099|10577|250|2|500
C00478099|10577|250|3|750
C00478099|10577|250|4|1166
C00478099|10577|250|5|1374
C00478099|10577|250|6|1624
C00478099|10577|250|7|1874
C00478099|10577|250|8|2290
C00478099|10577|250|9|2540
C00478099|10577|250|10|2790
C00478099|10577|250|11|3040
C00478099|10577|250|12|3290
C00478099|10577|250|13|3706
C00478099|10577|250|14|4122
C00478099|10577|250|15|4372
C00478099|10577|250|16|4788
C00478099|10577|250|17|5038
C00478099|10577|250|18|5288
C00478099|10577|250|19|5538
C00478099|10577|250|20|5954
C00478099|10577|250|21|6370
C00478099|10577|250|22|6620
C00264689|60827|250|1|250
C00264689|60614|250|1|250
C00280222|10154|800|1|800
C00280222|10154|650|2|1300
C00131607|34956|250|1|250
C00131607|33826|500|1|500
C00131607|33825|500|1|500
C00131607|34265|500|1|500
C00131607|32963|1000|1|1000
C00131607|34736|1000|1|1000
C00131607|33813|250|1|250
C00131607|34266|500|1|500
C00131607|32804|250|1|250
C00131607|32963|625|2|1250
C00131607|32963|250|3|1500
C00455733|92646|234|1|234
C00455733|48226|624|1|624
C00455733|48070|234|1|234
C00455733|48307|624|1|624
C00455733|48371|234|1|234
C00455733|44072|234|1|234
C00455733|48152|234|1|234
C00455733|48189|624|1|624
C00455733|48301|234|1|234
C00455733|49201|230|1|230
C00455733|48310|234|1|234
C00455733|75225|234|1|234
C00455733|90043|234|1|234
C00455733|48348|234|1|234
C00455733|48073|234|1|234
C00416693|92618|5000|1|5000
C00416693|94607|500|1|500
C00416693|53226|500|1|500
C00484592|12193|400|1|400
C00484592|92113|300|1|300
C00484592|61814|200|1|200
C00484592|45086|500|1|500
C00484592|62525|200|1|200
C00484592|56119|150|1|150
C00484592|56119|175|2|350
C00484592|65109|1000|1|1000
C00484592|65110|400|1|400
C00484592|65101|500|1|500
C00484592|65101|350|2|700
C00572198|74117|500|1|500
C00572198|85253|5000|1|5000
C00574954|33404|750|1|750
C00250753|20814|365|1|365
C00250753|60638|500|1|500
C00250753|77024|730|1|730
C00603126|22906|1532|1|1532
C00482372|33928|200|1|200
C00482372|33914|200|1|200
C00619577|32818|100|1|100
C00611251|92107|400|1|400
C00619577|32459|1000|1|1000
C00586982|90232|1100|1|1100
C00586859|87506|1000|1|1000
C00161414|35243|125|1|125
C00161414|35243|125|2|250
C00161414|35216|174|1|174
C00161414|35216|174|2|348
C00161414|35242|223|1|223
C00161414|35242|223|2|446
C00161414|35223|375|1|375
C00161414|35223|375|2|750
C00161414|35242|223|3|655
C00161414|35242|216|4|864
C00161414|35223|375|3|1375
C00161414|35223|500|4|2000
C00161414|35242|223|5|1244
C00161414|45245|208|1|208
C00161414|45245|208|2|416
C00428110|67210|416|1|416
C00428110|67210|333|2|666
C00428110|67210|250|3|916
C00428110|67210|250|4|1166
C00311308|44333|416|1|416
C00311308|44718|395|1|395
C00095109|20016|380|1|380
C00095109|55331|240|1|240
C00095109|55082|400|1|400
C00095109|55436|240|1|240
C00399063|44122|230|1|230
C00399063|44118|384|1|384
C00153031|97018|210|1|210
C00153031|97317|250|1|250
C00153031|97824|1000|1|1000
C00153031|97824|1000|2|2000
C00153031|97201|2000|1|2000
C00113019|60606|4000|1|4000
C00113019|60657|1000|1|1000
C00113019|60022|5000|1|5000
C00113019|60022|5000|2|10000
C00113019|60022|5000|3|15000
C00113019|60022|5000|4|20000
C00200139|17025|192|1|192
C00200139|20901|192|1|192
C00035691|77042|150|1|150
C00275529|76092|355|1|355
C00275529|78266|575|1|575
C00275529|78266|556|2|1111
C00275529|76115|334|1|334
C00275529|76102|1254|1|1254
C00275529|45039|248|1|248
C00035691|80202|205|1|205
C00035691|80202|205|2|410
C00035691|77072|130|1|130
C00035691|77032|187|1|187
C00035691|77072|169|2|338
C00035691|77072|208|3|546
C00035691|77072|208|4|754
C00035691|77032|156|2|312
C00035691|77072|208|5|962
C00035691|77072|208|6|1170
C00035691|77072|208|7|1378
C00035691|77032|187|3|728
C00035691|77032|173|4|887
C00035691|77032|187|5|1095
C00035691|77032|198|6|1303
C00035691|77032|187|7|1433
C00035691|73102|125|1|125
C00035691|79701|130|1|130
C00035691|77042|188|2|376
C00035691|77042|190|3|566
C00035691|77042|170|4|691
C00035691|77042|150|5|816
C00369090|42104|2000|1|2000
C00369090|23606|2500|1|2500
C00369090|23606|1650|2|3300
C00369090|23606|800|3|4100
C00369090|48393|1000|1|1000
C00369090|43017|384|1|384
C00369090|43017|384|2|768
C00369090|43017|384|3|1152
C00369090|43017|384|4|1536
C00369090|43017|384|5|1920
C00415026|22306|500|1|500
C00415026|20744|225|1|225
C00415026|20006|208|1|208
C00415026|20006|208|2|416
C00412098|05446|500|1|500
C00412098|74501|900|1|900
C00412098|45305|500|1|500
C00412098|93389|600|1|600
C00412098|35976|500|1|500
C00412098|44646|2000|1|2000
C00412098|34219|400|1|400
C00412098|28081|800|1|800
C00412098|30650|1500|1|1500
C00412098|28301|500|1|500
C00412098|74820|250|1|250
C00412098|24541|1100|1|1100
C00412098|98072|5000|1|5000
C00412098|39442|1000|1|1000
C00409565|83120|5000|1|5000
C00409565|77041|5000|1|5000
C00409565|70380|5000|1|5000
C00409565|77027|3000|1|3000
C00364778|10036|208|1|208
C00364778|10036|209|2|418
C00364778|10036|210|3|628
C00364778|28255|110|1|110
C00364778|10036|209|4|836
C00364778|10281|125|1|125
C00364778|10036|208|5|876
C00364778|10036|208|6|876
C00139659|33480|250|1|250
C00139659|55305|250|1|250
C00139659|19437|250|1|250
C00139659|28207|250|1|250
C00139659|22003|250|1|250
C00139659|20816|500|1|500
C00139659|19807|250|1|250
C00139659|60035|250|1|250
C00139659|19038|250|1|250
C00139659|60035|375|2|750
C00139659|60093|500|1|500
C00139659|60035|250|3|1000
C00139659|91356|250|1|250
C00139659|10021|250|1|250
C00139659|60062|250|1|250
C00139659|50010|1000|1|1000
C00139659|60525|250|1|250
C00139659|94109|1800|1|1800
C00139659|94118|500|1|500
C00139659|60035|250|4|1250
C00139659|22307|250|1|250
C00139659|60035|250|5|1500
C00139659|10012|250|1|250
C00139659|33480|625|2|1250
C00139659|60062|250|2|500
C00139659|33418|1000|1|1000
C00139659|60611|250|1|250
C00139659|91436|1000|1|1000
C00139659|60035|250|6|1850
C00139659|60035|250|7|2100
C00139659|60077|250|1|250
C00139659|60089|250|1|250
C00139659|60015|250|1|250
C00139659|60022|250|1|250
C00139659|60035|250|8|2350
C00139659|60035|250|9|2600
C00139659|60035|250|10|2850
C00139659|19027|250|1|250
C00139659|55305|250|2|500
C00139659|19010|2500|1|2500
C00139659|60203|500|1|500
C00139659|60035|250|11|3100
C00139659|60022|250|2|500
C00139659|55331|250|1|250
C00139659|70806|250|1|250
C00139659|87501|500|1|500
C00139659|60045|500|1|500
C00012880|47586|250|1|250
C00012880|57005|250|1|250
C00012880|84093|250|1|250
C00012880|56303|250|1|250
C00012880|51331|250|1|250
C00012880|21738|250|1|250
C00012880|82520|210|1|210
C00012880|98368|500|1|500
C00012880|58203|400|1|400
C00012880|07419|250|1|250
C00012880|75034|500|1|500
C00012880|99514|1000|1|1000
C00012880|78942|500|1|500
C00012880|52240|250|1|250
C00012880|36265|209|1|209
C00012880|66503|500|1|500
C00012880|33014|500|1|500
C00012880|05446|500|1|500
C00012880|30127|250|1|250
C00012880|15668|2500|1|2500
C00012880|50023|250|1|250
C00012880|71119|250|1|250
C00012880|15229|500|1|500
C00012880|98075|500|1|500
C00012880|95695|250|1|250
C00012880|24073|250|1|250
C00012880|10312|500|1|500
C00012880|40014|250|1|250
C00147231|94507|416|1|416
C00147231|94611|5000|1|5000
C00147231|32225|300|1|300
C00147231|32225|281|2|562
C00147231|32225|300|3|962
C00147231|07670|400|1|400
C00147231|32266|220|1|220
C00171843|02116|223|1|223
C00171843|02116|487|2|973
C00171843|02116|486|3|1459
C00171843|02116|561|4|2095
C00171843|02116|533|5|2628
C00171843|02116|510|6|2829
C00171843|10041|343|1|343
C00171843|02116|486|7|3136
C00171843|02116|397|8|3408
C00171843|02116|307|9|3631
C00171843|02116|290|10|3844
C00171843|02116|272|11|4088
C00171843|20001|307|1|307
C00171843|02116|290|12|4399
C00171843|02116|272|13|4615
C00171843|02116|288|14|4919
C00171843|02116|272|15|5126
C00171843|02116|258|16|5364
C00171843|02116|244|17|5588
C00171843|02116|241|18|5806
C00171843|02116|244|19|6056
C00171843|02116|247|20|6814
C00171843|02116|250|21|7141
C00171843|02116|261|22|8113
C00171843|02116|272|23|8428
C00171843|03801|296|1|296
C00171843|20001|256|2|512
C00171843|02116|261|24|8631
C00171843|02116|250|25|8842
C00171843|02116|261|26|9149
C00171843|02116|272|27|9441
C00171843|02116|282|28|9806
C00171843|02116|292|29|10132
C00171843|02116|298|30|10901
C00171843|02116|304|31|11785
C00171843|02116|306|32|12719
C00171843|33131|215|1|215
C00171843|02116|304|33|13003
C00171843|98154|261|1|261
C00171843|98154|275|2|549
C00171843|02116|306|34|13460
C00171843|02116|304|35|13690
C00171843|02116|298|36|13920
C00171843|02116|304|37|14266
C00171843|02116|306|38|14589
C00171843|02116|304|39|14799
C00171843|02116|306|40|15124
C00079681|76116|300|1|300
C00079681|19035|1075|1|1075
C00079681|82721|300|1|300
C00079681|03820|1500|1|1500
C00079681|94103|365|1|365
C00079681|38751|1075|1|1075
C00079681|95540|300|1|300
C00079681|20003|365|1|365
C00079681|01588|3100|1|3100
C00079681|47832|300|1|300
C00079681|19426|1075|1|1075
C00079681|23071|300|1|300
C00079681|34270|300|1|300
C00079681|15936|1075|1|1075
C00079681|96080|300|1|300
C00079681|49720|1100|1|1100
C00079681|49441|500|1|500
C00079681|53012|300|1|300
C00079681|03854|1500|1|1500
C00171843|02116|307|41|15591
C00171843|02116|307|42|16523
C00171843|03801|265|2|530
C00171843|02116|307|43|16734
C00171843|01730|203|1|203
C00171843|02116|307|44|17525
C00171843|02116|307|45|18224
C00171843|02116|309|46|19139
C00171843|03820|326|1|326
C00171843|02116|307|47|19383
C00171843|02116|309|48|20190
C00171843|02116|307|49|20497
C00171843|02116|307|50|20713
C00171843|02116|307|51|20929
C00171843|10004|212|1|212
C00171843|02116|307|52|21413
C00171843|02116|307|53|22203
C00171843|02116|307|54|22510
C00171843|02116|307|55|22736
C00171843|02116|307|56|23580
C00171843|02116|307|57|23864
C00427930|74820|2500|1|2500
C00365502|28277|162|1|162
C00365502|24551|117|1|117
C00365502|24551|131|2|261
C00365502|28277|185|2|370
C00365502|24503|208|1|208
C00365502|24503|200|2|399
C00365502|28277|208|3|578
C00365502|24521|122|1|122
C00365502|37659|118|1|118
C00365502|24503|208|3|607
C00365502|24551|144|3|469
C00365502|24551|176|4|677
C00365502|44333|208|1|208
C00365502|44333|208|2|416
C00365502|37659|115|2|229
C00365502|37932|104|1|104
C00365502|24503|200|4|799
C00365502|24504|135|1|135
C00365502|28104|104|1|104
C00365502|02481|109|1|109
C00365502|24551|144|5|787
C00365502|83404|147|1|147
C00365502|29803|118|1|118
C00365502|37919|117|1|117
C00208983|20171|400|1|400
C00033555|31792|96|1|96
C00033555|31792|96|2|192
C00073155|44113|384|1|384
C00073155|44022|384|1|384
C00073155|44106|230|1|230
C00073155|44108|230|1|230
C00111559|10010|208|1|208
C00111559|10010|208|2|416
C00111559|10010|208|3|749
C00111559|10010|271|4|1082
C00111559|10010|208|5|1290
C00111559|10010|208|6|1498
C00111559|10010|208|7|1706
C00111559|10010|208|8|1914
C00111559|10010|208|9|2122
C00111559|10010|208|10|2330
C00111559|10010|208|11|2538
C00111559|10010|208|12|2746
C00111559|10010|208|13|2954
C00111559|10010|208|14|3287
C00111559|10010|208|15|3495
C00193433|94705|100|1|100
C00193433|11225|250|1|250
C00193433|10023|250|1|250
C00193433|60712|300|1|300
C00193433|38655|500|1|500
C00193433|19806|250|1|250
C00193433|63017|500|1|500
C00193433|10075|200|1|200
C00193433|85255|1000|1|1000
C00193433|20815|300|1|300
C00193433|96815|100|1|100
C00193433|96815|100|2|200
C00193433|97213|500|1|500
C00193433|87505|250|1|250
C00193433|77006|250|1|250
C00193433|98407|250|1|250
C00193433|90274|50|1|50
C00193433|11215|500|1|500
C00193433|22206|50|1|50
C00193433|93105|100|1|100
C00193433|80503|100|1|100
C00193433|55317|250|1|250
C00193433|10027|750|1|750
C00193433|70118|250|1|250
C00193433|76210|50|1|50
C00193433|83702|300|1|300
C00193433|10577|100|1|100
C00193433|20009|218|1|218
C00193433|52001|500|1|500
C00193433|12401|100|1|100
C00193433|93108|1000|1|1000
C00193433|75062|500|1|500
C00193433|78636|200|1|200
C00193433|60093|150|1|150
C00193433|91604|1000|1|1000
C00193433|87547|500|1|500
C00193433|93923|250|1|250
C00193433|63105|300|1|300
C00193433|27604|250|1|250
C00193433|97213|375|2|750
C00193433|78209|300|1|300
C00193433|66044|250|1|250
C00193433|15213|250|1|250
C00193433|11231|870|1|870
C00193433|91361|1000|1|1000
C00193433|94611|500|1|500
C00193433|22203|15|1|15
C00193433|22203|15|2|30
C00193433|60201|1000|1|1000
C00193433|94705|550|2|1100
C00193433|22903|250|1|250
C00193433|24361|500|1|500
C00193433|94025|1200|1|1200
C00193433|10025|250|1|250
C00193433|97333|50|1|50
C00193433|97333|50|2|100
C00193433|10022|1000|1|1000
C00193433|80246|500|1|500
C00193433|94563|158|1|158
C00193433|94708|35|1|35
C00193433|91423|300|1|300
C00193433|11217|50|1|50
C00193433|29926|100|1|100
C00193433|94607|500|1|500
C00193433|37830|250|1|250
C00193433|60605|250|1|250
C00193433|85718|400|1|400
C00193433|22959|500|1|500
C00193433|27516|250|1|250
C00193433|92663|500|1|500
C00193433|32312|150|1|150
C00193433|91755|110|1|110
C00193433|10520|250|1|250
C00193433|78723|275|1|275
C00193433|98127|35|1|35
C00193433|45601|300|1|300
C00193433|94709|300|1|300
C00193433|19073|1000|1|1000
C00193433|94708|38|2|75
C00193433|94901|500|1|500
C00193433|90094|225|1|225
C00193433|48225|500|1|500
C00193433|29205|250|1|250
C00193433|94705|250|3|1350
C00193433|50313|55|1|55
C00193433|60614|500|1|500
C00193433|63108|1200|1|1200
C00193433|38103|200|1|200
C00193433|95926|500|1|500
C00193433|20008|294|1|294
C00193433|10522|250|1|250
C00193433|19073|1000|2|2000
C00193433|94306|1000|1|1000
C00193433|12604|50|1|50
C00193433|10013|100|1|100
C00193433|85501|35|1|35
C00035006|94583|208|1|208
C00193433|85501|104|2|208
C00193433|30033|1200|1|1200
C00035006|94583|208|2|416
C00035006|94583|208|3|624
C00035006|94583|208|4|734
C00035006|94583|208|5|942
C00035006|94583|208|6|1150
C00035006|94583|208|7|1358
C00035006|94583|208|8|1566
C00035006|94583|208|9|1774
C00035006|94583|208|10|1982
C00035006|94583|208|11|2190
C00035006|94583|208|12|2310
C00035006|94583|208|13|2518
C00035006|94583|208|14|2726
C00035006|94583|208|15|2934
C00035006|94583|208|16|3142
C00035006|94583|208|17|3350
C00035006|94583|208|18|3558
C00035006|94583|208|19|3766
C00035006|94583|208|20|3974
C00035006|94583|208|21|4182
C00035006|94583|208|22|4390
C00035006|94583|208|23|4598
C00035006|94583|208|24|4806
C00035006|94583|208|25|5014
C00035006|94583|208|26|5222
C00035006|94583|208|27|5430
C00035006|94583|208|28|5638
C00035006|94583|208|29|5846
C00035006|94583|208|30|6054
C00035006|94583|208|31|6262
C00035006|94583|208|32|6470
C00035006|94583|208|33|6678
C00035006|94583|208|34|6886
C00035006|94583|208|35|7094
C00035006|94583|208|36|7302
C00035006|94583|208|37|7510
C00035006|94583|208|38|7718
C00035006|94583|208|39|7926
C00035006|94583|208|40|8134
C00035006|94583|208|41|8342
C00035006|94583|208|42|8550
C00035006|94583|208|43|8758
C00035006|94583|208|44|8966
C00035006|94583|208|45|9174
C00035006|94583|208|46|9275
C00035006|94583|208|47|9483
C00035006|94583|208|48|9691
C00035006|94583|208|49|9899
C00035006|94583|208|50|10107
C00035006|94583|208|51|10315
C00035006|94583|208|52|10523
C00035006|94583|208|53|10731
C00035006|94583|208|54|10939
C00035006|94583|208|55|11147
C00035006|94583|208|56|11355
C00035006|94583|208|57|11563
C00035006|94583|208|58|11771
C00035006|94583|208|59|11921
C00035006|94583|208|60|12129
C00035006|94583|208|61|12337
C00035006|94583|208|62|12545
C00035006|94583|208|63|12753
C00035006|94583|208|64|12961
C00035006|94583|208|65|13111
C00035006|94583|208|66|13319
C00035006|94583|208|67|13527
C00035006|94583|208|68|13735
C00035006|94583|208|69|13943
C00035006|94583|208|70|14053
C00035006|94583|208|71|14261
C00035006|94583|208|72|14469
C00035006|94583|208|73|14677
C00035006|94583|208|74|14885
C00035006|94583|208|75|15093
C00035006|94583|208|76|15301
C00035006|94583|208|77|15509
C00035006|94583|208|78|15659
C00035006|94583|208|79|15859
C00035006|94583|208|80|15979
C00035006|94583|208|81|16187
C00035006|94583|208|82|16395
C00035006|94583|208|83|16603
C00035006|94583|208|84|16811
C00035006|94583|208|85|17019
C00193433|20015|100|1|100
C00193433|10022|625|2|1250
C00193433|85712|500|1|500
C00193433|20015|100|2|200
C00193433|96815|100|3|250
C00193433|20912|1000|1|1000
C00193433|30305|250|1|250
C00193433|20009|248|2|495
C00193433|94708|40|3|255
C00193433|98665|250|1|250
C00193433|10023|725|2|1450
C00193433|62522|25|1|25
C00193433|94132|300|1|300
C00193433|20007|1000|1|1000
C00193433|20007|1000|2|2000
C00193433|10013|1050|2|2100
C00193433|55906|1100|1|1100
C00193433|10516|50|1|50
C00193433|20688|100|1|100
C00193433|90272|1000|1|1000
C00193433|17013|250|1|250
C00193433|22003|250|1|250
C00193433|61525|25|1|25
C00193433|97214|800|1|800
C00193433|70360|50|1|50
C00193433|94550|1000|1|1000
C00193433|80525|300|1|300
C00193433|72227|250|1|250
C00193433|52241|250|1|250
C00193433|20016|5000|1|5000
C00193433|10516|150|2|300
C00193433|87104|250|1|250
C00193433|32043|1000|1|1000
C00193433|20904|1000|1|1000
C00193433|19118|250|1|250
C00193433|10011|300|1|300
C00193433|30033|850|2|1700
C00193433|85718|800|2|1600
C00193433|94303|1000|1|1000
C00193433|65203|100|1|100
C00193433|19103|300|1|300
C00193433|92651|250|1|250
C00193433|92029|1000|1|1000
C00193433|50125|85|1|85
C00193433|90405|500|1|500
C00193433|89027|250|1|250
C00193433|95060|300|1|300
C00193433|94070|100|1|100
C00193433|44114|1800|1|1800
C00193433|11249|250|1|250
C00193433|43206|500|1|500
C00193433|61455|300|1|300
C00193433|93108|1100|2|2200
C00193433|10028|500|1|500
C00193433|10065|250|1|250
C00193433|11963|250|1|250
C00193433|94040|1200|1|1200
C00193433|10028|500|2|1000
C00193433|80304|250|1|250
C00193433|92831|1000|1|1000
C00193433|76109|500|1|500
C00193433|95327|300|1|300
C00193433|85718|400|3|1900
C00193433|10014|500|1|500
C00193433|90265|300|1|300
C00193433|10022|1000|3|3050
C00193433|14870|5000|1|5000
C00193433|10001|500|1|500
C00193433|78025|1200|1|1200
C00193433|10003|500|1|500
C00193433|94930|500|1|500
C00193433|85119|225|1|225
C00193433|94114|300|1|300
C00193433|29605|1500|1|1500
C00193433|87501|500|1|500
C00193433|87544|1200|1|1200
C00193433|10023|250|3|1675
C00193433|14787|506|1|506
C00193433|19087|250|1|250
C00193433|30269|250|1|250
C00193433|94019|500|1|500
C00193433|11218|100|1|100
C00193433|94611|850|2|1700
C00193433|61525|38|2|75
C00193433|29205|200|2|400
C00193433|11217|925|2|1850
C00193433|90210|1000|1|1000
C00193433|10029|250|1|250
C00193433|89052|1000|1|1000
C00193433|80044|400|1|400
C00193433|90254|250|1|250
C00193433|97229|250|1|250
C00193433|11218|100|2|200
C00193433|20011|500|1|500
C00193433|80521|250|1|250
C00193433|91702|15|1|15
C00193433|91702|133|2|265
C00193433|11570|1500|1|1500
C00193433|33924|500|1|500
C00193433|10536|250|1|250
C00193433|20008|272|2|544
C00193433|94708|47|4|309
C00193433|87111|250|1|250
C00193433|37902|250|1|250
C00193433|94025|621|2|1241
C00193433|84106|250|1|250
C00193433|94131|38|1|38
C00193433|94123|50|1|50
C00193433|94558|300|1|300
C00193433|60045|5000|1|5000
C00193433|50158|300|1|300
C00193433|13760|500|1|500
C00193433|92104|250|1|250
C00193433|19066|300|1|300
C00193433|20010|500|1|500
C00193433|90071|250|1|250
C00193433|61525|25|3|100
C00193433|61525|25|4|125
C00193433|20005|250|1|250
C00193433|55116|35|1|35
C00193433|20015|100|3|450
C00193433|12053|250|1|250
C00193433|33040|250|1|250
C00193433|94904|500|1|500
C00193433|10128|1000|1|1000
C00193433|81301|250|1|250
C00193433|33626|25|1|25
C00193433|77566|217|1|217
C00193433|89703|1000|1|1000
C00193433|77006|138|2|275
C00193433|10516|250|3|550
C00193433|98144|500|1|500
C00193433|92649|250|1|250
C00193433|94611|500|3|2000
C00193433|20002|375|1|375
C00193433|30075|250|1|250
C00193433|11598|250|1|250
C00193433|10022|1100|4|4250
C00193433|46268|500|1|500
C00193433|87501|1000|2|2000
C00193433|94611|500|4|2500
C00193433|48823|250|1|250
C00193433|20817|250|1|250
C00193433|47362|1200|1|1200
C00193433|98642|250|1|250
C00193433|21620|250|1|250
C00193433|65203|70|2|140
C00193433|81623|500|1|500
C00193433|10019|250|1|250
C00193433|11596|250|1|250
C00193433|33626|38|2|75
C00193433|33975|100|1|100
C00193433|10014|305|2|610
C00193433|10014|150|3|760
C00193433|10028|500|3|1050
C00193433|92835|15|1|15
C00193433|92835|20|2|40
C00193433|32303|1200|1|1200
C00193433|61525|25|5|625
C00193433|30030|1200|1|1200
C00193433|20008|250|3|794
C00193433|85755|300|1|300
C00193433|93105|200|2|400
C00193433|32303|1200|2|2400
C00193433|22201|250|1|250
C00193433|20815|275|2|550
C00193433|97221|1000|1|1000
C00193433|60305|500|1|500
C00193433|21210|250|1|250
C00193433|10002|500|1|500
C00193433|22046|300|1|300
C00193433|10107|250|1|250
C00193433|98127|43|2|85
C00193433|21401|250|1|250
C00193433|24162|1500|1|1500
C00193433|32779|250|1|250
C00193433|98109|300|1|300
C00193433|94519|338|1|338
C00193433|20003|250|1|250
C00193433|20191|250|1|250
C00193433|48103|250|1|250
C00193433|10530|250|1|250
C00193433|94062|100|1|100
C00193433|77024|1200|1|1200
C00193433|33139|250|1|250
C00193433|98642|375|2|750
C00193433|92104|375|2|750
C00193433|10576|1200|1|1200
C00193433|23238|500|1|500
C00193433|27514|250|1|250
C00193433|43209|500|1|500
C00193433|80304|250|2|500
C00193433|23606|250|1|250
C00193433|19131|1000|1|1000
C00193433|10504|225|1|225
C00193433|20171|1200|1|1200
C00193433|46347|300|1|300
C00193433|10024|250|1|250
C00193433|93105|300|3|900
C00193433|97333|50|3|150
C00193433|11050|1200|1|1200
C00193433|33160|300|1|300
C00193433|40059|1000|1|1000
C00193433|55113|1200|1|1200
C00193433|37849|250|1|250
C00193433|46240|1200|1|1200
C00193433|55413|250|1|250
C00193433|95370|1000|1|1000
C00193433|11956|1000|1|1000
C00193433|11568|250|1|250
C00193433|21601|2500|1|2500
C00193433|11735|300|1|300
C00193433|78701|300|1|300
C00193433|94501|250|1|250
C00193433|98926|300|1|300
C00193433|77401|1000|1|1000
C00193433|11215|363|2|725
C00193433|32217|500|1|500
C00193433|10577|175|2|350
C00193433|66044|375|2|750
C00193433|33160|162|2|324
C00193433|80125|93|1|93
C00193433|89117|1000|1|1000
C00193433|91702|158|3|423
C00193433|93013|1200|1|1200
C00193433|94114|200|2|400
C00193433|94114|100|3|500
C00193433|87111|135|2|269
C00193433|75219|22|1|22
C00193433|94117|300|1|300
